120
1500
   0	  52	  42
   1	  79	  69
   2	  77	  67
   3	  67	  57
   4	 103	  93
   5	 100	  90
   6	  48	  38
   7	  46	  36
   8	  55	  45
   9	  52	  42
  10	  43	  33
  11	  89	  79
  12	  37	  27
  13	  67	  57
  14	  54	  44
  15	  94	  84
  16	  96	  86
  17	 102	  92
  18	  56	  46
  19	  48	  38
  20	  95	  85
  21	  43	  33
  22	  92	  82
  23	  83	  73
  24	  59	  49
  25	  80	  70
  26	  69	  59
  27	  33	  23
  28	  67	  57
  29	  82	  72
  30	  84	  74
  31	  79	  69
  32	  43	  33
  33	  52	  42
  34	  38	  28
  35	  56	  46
  36	  40	  30
  37	  74	  64
  38	  39	  29
  39	  84	  74
  40	  51	  41
  41	  59	  49
  42	  65	  55
  43	 108	  98
  44	  90	  80
  45	  42	  32
  46	  35	  25
  47	  48	  38
  48	  92	  82
  49	  40	  30
  50	  45	  35
  51	  49	  39
  52	  67	  57
  53	  94	  84
  54	  72	  62
  55	  60	  50
  56	  65	  55
  57	  37	  27
  58	  40	  30
  59	  46	  36
  60	  30	  20
  61	  88	  78
  62	  57	  47
  63	  36	  26
  64	  55	  45
  65	  51	  41
  66	  68	  58
  67	 108	  98
  68	 101	  91
  69	 106	  96
  70	  83	  73
  71	  94	  84
  72	  47	  37
  73	 103	  93
  74	 101	  91
  75	  53	  43
  76	  83	  73
  77	  95	  85
  78	  91	  81
  79	  89	  79
  80	  81	  71
  81	  90	  80
  82	  86	  76
  83	  93	  83
  84	  51	  41
  85	  88	  78
  86	  80	  70
  87	  33	  23
  88	  52	  42
  89	  97	  87
  90	  53	  43
  91	  94	  84
  92	  70	  60
  93	  65	  55
  94	  59	  49
  95	  88	  78
  96	  83	  73
  97	  72	  62
  98	  46	  36
  99	  54	  44
 100	 104	  94
 101	  79	  69
 102	  42	  32
 103	 106	  96
 104	  80	  70
 105	  94	  84
 106	  68	  58
 107	  88	  78
 108	  35	  25
 109	  90	  80
 110	  68	  58
 111	  76	  66
 112	  93	  83
 113	  34	  24
 114	 108	  98
 115	  70	  60
 116	  52	  42
 117	  53	  43
 118	  53	  43
 119	  49	  39
79
6	0	75	79	105	112	116
6	1	39	108	111	118	119
7	2	23	81	101	114	116	117
7	3	70	81	101	109	116	117
7	4	5	79	85	106	110	111
7	5	86	101	109	114	116	117
6	6	22	101	109	114	117
7	7	47	85	103	108	111	118
6	8	26	61	73	99	115
7	9	14	75	86	109	114	117
7	10	16	47	60	93	103	118
7	11	49	74	92	95	109	119
5	12	87	107	109	112
6	13	87	103	104	107	113
6	14	72	88	103	104	113
5	15	91	103	107	113
6	16	26	60	93	106	110
6	17	61	78	112	113	115
6	18	24	58	107	109	119
7	19	88	104	106	108	111	116
7	20	61	84	90	91	97	111
6	21	54	63	94	107	109
7	22	75	97	109	112	114	116
5	23	68	107	109	119
5	24	89	104	111	113
6	25	43	104	108	111	119
6	26	36	73	102	115	117
6	27	72	94	101	113	115
6	28	67	97	105	112	114
5	29	92	101	109	118
6	30	31	68	73	83	102
6	31	59	92	96	118	119
6	32	89	95	98	106	116
5	33	68	102	109	114
7	34	59	85	103	111	112	118
6	35	59	103	111	112	118
6	36	38	75	112	115	118
6	37	38	103	112	113	118
6	38	60	94	96	102	118
6	39	50	96	108	118	119
6	40	47	85	91	108	111
8	41	46	71	76	79	96	100	102
5	42	56	82	93	94
7	43	45	61	84	99	105	114
6	44	70	86	89	97	113
5	45	82	102	111	118
4	46	102	109	114
5	47	58	87	112	115
7	48	50	87	95	100	111	119
5	49	63	94	99	115
5	50	97	102	111	118
5	51	84	89	97	102
7	52	58	79	100	107	112	113
5	53	74	78	93	94
6	54	61	80	84	90	105
5	55	59	103	108	111
5	56	85	91	103	111
5	57	72	79	101	116
4	58	63	76	99
7	59	63	69	76	98	104	117
5	60	72	93	103	107
6	61	89	97	106	111	113
5	62	97	106	113	115
5	63	89	102	104	111
7	64	70	80	89	97	106	111
5	65	78	103	104	113
7	67	80	84	90	97	105	114
5	68	73	85	109	112
5	70	83	87	93	112
6	71	79	84	100	102	114
4	72	76	77	104
5	73	80	107	109	112
5	74	95	97	106	115
5	77	81	98	114	117
5	78	85	103	111	112
5	81	90	98	101	114
5	88	101	109	114	116
5	89	92	96	101	104
5	100	101	114	116	117
