120
10000
   0	 376	 366
   1	 278	 268
   2	 376	 366
   3	 440	 430
   4	 273	 263
   5	 317	 307
   6	 424	 414
   7	 297	 287
   8	 309	 299
   9	 505	 495
  10	 261	 251
  11	 264	 254
  12	 484	 474
  13	 262	 252
  14	 284	 274
  15	 380	 370
  16	 279	 269
  17	 371	 361
  18	 483	 473
  19	 262	 252
  20	 285	 275
  21	 482	 472
  22	 269	 259
  23	 279	 269
  24	 454	 444
  25	 268	 258
  26	 308	 298
  27	 449	 439
  28	 283	 273
  29	 298	 288
  30	 455	 445
  31	 282	 272
  32	 293	 283
  33	 429	 419
  34	 271	 261
  35	 330	 320
  36	 373	 363
  37	 281	 271
  38	 376	 366
  39	 365	 355
  40	 283	 273
  41	 382	 372
  42	 476	 466
  43	 272	 262
  44	 282	 272
  45	 367	 357
  46	 302	 292
  47	 361	 351
  48	 405	 395
  49	 265	 255
  50	 360	 350
  51	 360	 350
  52	 313	 303
  53	 357	 347
  54	 460	 450
  55	 262	 252
  56	 308	 298
  57	 420	 410
  58	 285	 275
  59	 325	 315
  60	 417	 407
  61	 270	 260
  62	 343	 333
  63	 376	 366
  64	 281	 271
  65	 373	 363
  66	 360	 350
  67	 304	 294
  68	 366	 356
  69	 490	 480
  70	 263	 253
  71	 277	 267
  72	 456	 446
  73	 269	 259
  74	 305	 295
  75	 386	 376
  76	 277	 267
  77	 367	 357
  78	 376	 366
  79	 292	 282
  80	 362	 352
  81	 488	 478
  82	 266	 256
  83	 276	 266
  84	 430	 420
  85	 261	 251
  86	 339	 329
  87	 444	 434
  88	 262	 252
  89	 324	 314
  90	 480	 470
  91	 264	 254
  92	 286	 276
  93	 507	 497
  94	 260	 250
  95	 263	 253
  96	 507	 497
  97	 260	 250
  98	 263	 253
  99	 455	 445
 100	 264	 254
 101	 311	 301
 102	 422	 412
 103	 273	 263
 104	 335	 325
 105	 410	 400
 106	 308	 298
 107	 312	 302
 108	 372	 362
 109	 292	 282
 110	 366	 356
 111	 415	 405
 112	 269	 259
 113	 346	 336
 114	 407	 397
 115	 300	 290
 116	 323	 313
 117	 495	 485
 118	 263	 253
 119	 272	 262
82
8	0	23	35	56	104	112	115	118
6	1	55	65	110	112	116
6	2	85	101	105	113	118
7	3	55	86	104	106	112	119
7	4	15	23	61	112	116	119
6	5	32	98	108	110	111
6	6	48	106	108	112	119
7	7	89	99	106	108	109	117
8	8	45	55	104	112	114	116	119
7	9	39	74	100	101	113	115
7	10	20	79	91	94	111	114
8	11	51	65	86	108	109	112	117
9	12	51	59	68	97	98	102	108	111
5	13	81	92	110	111
6	14	48	80	100	114	119
6	15	67	112	115	117	118
6	16	86	104	112	114	116
7	17	42	69	85	95	110	115
5	18	37	95	102	115
6	19	62	66	105	114	117
6	20	44	86	108	110	111
5	21	52	93	101	116
7	22	63	75	95	98	110	111
6	23	96	104	112	115	118
6	24	56	86	103	114	115
8	25	51	59	61	97	102	108	111
6	26	87	88	96	104	118
7	27	42	68	93	94	113	118
6	28	90	101	105	106	118
6	29	34	105	106	117	118
6	30	73	74	83	89	116
5	31	34	88	115	118
5	32	87	88	96	118
7	33	34	94	100	114	115	117
8	34	40	58	61	82	86	111	114
5	35	86	100	101	115
7	36	62	87	89	99	106	109
6	37	94	96	98	100	115
6	38	45	57	96	103	108
6	39	88	96	104	112	115
7	40	89	99	102	105	108	109
6	41	59	80	93	104	119
6	42	75	92	95	110	111
7	43	48	74	89	100	109	115
7	44	84	98	102	105	108	109
5	45	78	90	113	118
5	46	94	100	113	117
7	47	73	83	89	99	106	116
6	48	104	112	113	114	115
6	49	71	82	99	107	113
5	50	95	105	110	112
5	51	93	105	109	112
6	52	56	66	90	91	114
7	53	82	99	107	112	113	117
5	54	86	101	103	106
7	55	56	86	87	103	104	114
7	56	65	82	91	112	114	117
5	57	87	92	106	109
7	58	65	75	91	103	111	114
5	59	80	88	104	119
4	60	70	101	103
5	61	98	102	108	109
5	62	101	105	106	118
5	63	80	90	106	107
5	64	87	99	114	117
6	65	82	86	88	112	119
7	66	79	83	99	109	112	117
5	67	81	95	110	111
6	69	81	82	86	107	110
5	70	94	97	115	117
4	71	94	103	115
5	72	88	91	96	112
7	73	76	86	88	110	112	115
6	74	86	97	103	108	111
5	75	80	100	113	114
6	76	83	87	98	99	109
6	77	83	91	96	98	111
5	78	85	94	113	118
8	79	84	87	89	99	100	109	117
6	80	81	86	97	107	110
4	88	92	104	110
4	92	93	101	116
