120
10000
   0	 376	 366
   1	 278	 268
   2	 376	 366
   3	 440	 430
   4	 273	 263
   5	 317	 307
   6	 424	 414
   7	 297	 287
   8	 309	 299
   9	 505	 495
  10	 261	 251
  11	 264	 254
  12	 484	 474
  13	 262	 252
  14	 284	 274
  15	 380	 370
  16	 279	 269
  17	 371	 361
  18	 483	 473
  19	 262	 252
  20	 285	 275
  21	 482	 472
  22	 269	 259
  23	 279	 269
  24	 454	 444
  25	 268	 258
  26	 308	 298
  27	 449	 439
  28	 283	 273
  29	 298	 288
  30	 455	 445
  31	 282	 272
  32	 293	 283
  33	 429	 419
  34	 271	 261
  35	 330	 320
  36	 373	 363
  37	 281	 271
  38	 376	 366
  39	 365	 355
  40	 283	 273
  41	 382	 372
  42	 476	 466
  43	 272	 262
  44	 282	 272
  45	 367	 357
  46	 302	 292
  47	 361	 351
  48	 405	 395
  49	 265	 255
  50	 360	 350
  51	 360	 350
  52	 313	 303
  53	 357	 347
  54	 460	 450
  55	 262	 252
  56	 308	 298
  57	 420	 410
  58	 285	 275
  59	 325	 315
  60	 417	 407
  61	 270	 260
  62	 343	 333
  63	 376	 366
  64	 281	 271
  65	 373	 363
  66	 360	 350
  67	 304	 294
  68	 366	 356
  69	 490	 480
  70	 263	 253
  71	 277	 267
  72	 456	 446
  73	 269	 259
  74	 305	 295
  75	 386	 376
  76	 277	 267
  77	 367	 357
  78	 376	 366
  79	 292	 282
  80	 362	 352
  81	 488	 478
  82	 266	 256
  83	 276	 266
  84	 430	 420
  85	 261	 251
  86	 339	 329
  87	 444	 434
  88	 262	 252
  89	 324	 314
  90	 480	 470
  91	 264	 254
  92	 286	 276
  93	 507	 497
  94	 260	 250
  95	 263	 253
  96	 507	 497
  97	 260	 250
  98	 263	 253
  99	 455	 445
 100	 264	 254
 101	 311	 301
 102	 422	 412
 103	 273	 263
 104	 335	 325
 105	 410	 400
 106	 308	 298
 107	 312	 302
 108	 372	 362
 109	 292	 282
 110	 366	 356
 111	 415	 405
 112	 269	 259
 113	 346	 336
 114	 407	 397
 115	 300	 290
 116	 323	 313
 117	 495	 485
 118	 263	 253
 119	 272	 262
99
3	0	115	116
4	1	60	113	117
3	2	50	104
3	3	76	111
3	4	72	117
3	5	67	105
3	6	113	116
3	7	86	107
4	8	44	69	118
3	9	50	116
3	10	102	107
3	11	48	104
3	12	94	117
3	13	96	102
3	14	99	104
4	15	77	93	99
4	16	32	90	112
3	17	112	118
3	18	106	111
4	19	73	90	101
3	20	89	98
3	21	104	110
4	22	78	100	118
4	23	57	113	116
3	24	83	93
4	25	66	109	118
4	26	31	50	68
3	27	89	98
3	28	69	111
3	29	92	117
2	30	75
3	31	48	76
2	32	117
3	33	50	116
3	34	106	111
3	35	66	106
3	36	94	115
2	37	111
3	38	45	111
3	39	70	111
3	40	88	93
3	41	108	110
3	42	103	110
3	43	58	116
3	44	89	110
3	45	93	111
3	46	69	107
4	47	69	100	118
3	48	82	113
3	49	113	116
2	50	65
3	51	96	104
3	52	109	119
4	53	100	110	116
3	54	59	115
3	55	73	96
3	56	63	107
3	57	63	72
3	58	99	104
3	59	84	115
3	60	66	109
3	61	97	119
3	62	106	116
3	63	75	105
2	64	105
3	65	103	108
3	66	73	91
4	67	68	72	115
3	68	95	114
2	69	85
3	70	91	114
3	71	110	116
4	72	91	94	117
3	73	113	117
3	74	113	117
2	75	92
2	76	100
2	77	115
2	78	91
2	79	98
3	80	84	103
2	81	105
3	82	93	99
2	83	101
3	85	96	104
3	86	100	104
2	87	95
3	88	93	111
3	90	101	106
2	91	99
3	92	100	110
2	93	100
3	94	97	98
3	95	110	116
2	97	100
2	98	108
2	103	111
2	105	111
2	106	117
