120
1500
   0	  52	  42
   1	  79	  69
   2	  77	  67
   3	  67	  57
   4	 103	  93
   5	 100	  90
   6	  48	  38
   7	  46	  36
   8	  55	  45
   9	  52	  42
  10	  43	  33
  11	  89	  79
  12	  37	  27
  13	  67	  57
  14	  54	  44
  15	  94	  84
  16	  96	  86
  17	 102	  92
  18	  56	  46
  19	  48	  38
  20	  95	  85
  21	  43	  33
  22	  92	  82
  23	  83	  73
  24	  59	  49
  25	  80	  70
  26	  69	  59
  27	  33	  23
  28	  67	  57
  29	  82	  72
  30	  84	  74
  31	  79	  69
  32	  43	  33
  33	  52	  42
  34	  38	  28
  35	  56	  46
  36	  40	  30
  37	  74	  64
  38	  39	  29
  39	  84	  74
  40	  51	  41
  41	  59	  49
  42	  65	  55
  43	 108	  98
  44	  90	  80
  45	  42	  32
  46	  35	  25
  47	  48	  38
  48	  92	  82
  49	  40	  30
  50	  45	  35
  51	  49	  39
  52	  67	  57
  53	  94	  84
  54	  72	  62
  55	  60	  50
  56	  65	  55
  57	  37	  27
  58	  40	  30
  59	  46	  36
  60	  30	  20
  61	  88	  78
  62	  57	  47
  63	  36	  26
  64	  55	  45
  65	  51	  41
  66	  68	  58
  67	 108	  98
  68	 101	  91
  69	 106	  96
  70	  83	  73
  71	  94	  84
  72	  47	  37
  73	 103	  93
  74	 101	  91
  75	  53	  43
  76	  83	  73
  77	  95	  85
  78	  91	  81
  79	  89	  79
  80	  81	  71
  81	  90	  80
  82	  86	  76
  83	  93	  83
  84	  51	  41
  85	  88	  78
  86	  80	  70
  87	  33	  23
  88	  52	  42
  89	  97	  87
  90	  53	  43
  91	  94	  84
  92	  70	  60
  93	  65	  55
  94	  59	  49
  95	  88	  78
  96	  83	  73
  97	  72	  62
  98	  46	  36
  99	  54	  44
 100	 104	  94
 101	  79	  69
 102	  42	  32
 103	 106	  96
 104	  80	  70
 105	  94	  84
 106	  68	  58
 107	  88	  78
 108	  35	  25
 109	  90	  80
 110	  68	  58
 111	  76	  66
 112	  93	  83
 113	  34	  24
 114	 108	  98
 115	  70	  60
 116	  52	  42
 117	  53	  43
 118	  53	  43
 119	  49	  39
96
4	0	95	111	118
3	1	60	119
3	2	103	112
3	3	87	110
4	4	65	102	117
3	5	58	114
3	6	17	112
4	7	64	112	117
3	8	108	118
3	9	98	110
3	10	69	107
4	11	30	46	91
3	12	72	110
3	13	112	117
4	14	30	69	107
5	15	66	77	104	115
4	16	81	86	100
5	17	30	51	69	91
4	18	33	53	113
3	19	90	99
3	20	97	102
3	21	89	94
4	22	52	106	109
3	23	108	118
4	24	50	101	115
4	25	45	71	119
4	26	67	108	112
3	27	88	95
3	28	63	107
3	29	105	116
5	30	69	77	104	115
4	31	86	93	118
4	32	68	98	110
3	33	86	93
3	34	105	116
4	35	37	50	103
3	36	86	93
4	37	50	97	117
3	38	90	116
3	39	90	98
3	40	60	119
4	41	111	114	118
3	42	116	119
3	43	91	118
5	44	57	75	79	94
3	45	60	85
3	46	111	114
3	47	90	98
2	48	70
5	49	56	93	105	114
3	50	100	105
4	51	72	73	99
3	52	88	117
3	53	66	115
3	54	64	75
3	55	90	101
3	56	65	99
3	57	86	99
3	58	106	117
4	59	69	85	118
3	60	61	119
3	61	88	118
3	62	78	87
3	63	99	115
3	64	80	112
3	65	93	105
3	66	76	109
4	68	83	101	113
3	69	99	115
2	70	116
3	71	100	106
4	72	73	89	116
3	73	75	100
4	74	86	99	101
2	75	111
3	76	85	117
3	77	94	104
3	78	88	117
3	79	81	102
3	80	91	104
3	81	87	100
3	82	90	109
3	83	100	105
3	84	93	107
2	85	99
3	86	98	117
3	87	114	118
3	89	96	107
2	94	117
3	95	116	119
2	97	116
3	101	108	113
2	102	119
2	106	119
2	111	115
2	115	117
